2431.468508
2119.367616
1539.637469
1184.3771
986.9314796
861.9371473
771.5722463
702.1775311
647.5866846
602.0447695
565.2336353
534.5749986
507.4742518
483.2615342
462.1784588
443.5358459
426.5096942
411.1744497
384.9675627
373.3759604
362.4780875
352.5740253
335.1902738
320.3805333
313.673316
301.3955419
290.2275229
280.543151
271.5627733
263.5235117
252.6770288
243.2567691
237.6374207
229.6290514
222.2782025
213.4368455
207.1876861
199.9244179
193.2585652
185.7146126
180.4811025
174.5016261
169.1099732
163.3176539
158.0635462
153.2282383
148.1539489
143.5953055
139.3903742
135.0403965
130.6701092
126.716917
122.6855305
118.9568884
115.1120123
111.2306677
107.51975
104.1877752
100.790312
97.54858864
94.22609141
91.20138227
88.15905307
85.19580388
82.11804139
78.87363789
75.75582723
72.75183516
69.95797082
67.31790147
64.98196912
62.8053882
60.64732549
58.52672589
56.49856348
54.7255572
53.5129419
52.31255296
51.23137124
50.28967023
49.22689405
48.01531431
46.85690467
45.81152369
44.91359612
43.98904542
43.16987642
42.6762731
42.07249399
41.32419452
40.52610244
39.78522732
39.05872808
38.03877241
36.90595626
35.64403992
34.29737288
32.94963293
31.33321259
29.78631852
28.29573817
26.76404098
25.30926038
23.95198811
22.80692725
21.85377889
20.99866986
20.23003815
19.40896117
18.69782546
18.09413076
17.61850704
17.17182204
16.64429458
15.9770711
15.16024887
14.33023442
13.74543121
13.35645465
13.11678071
12.91493745
12.75667909
12.52530492
12.08897134
11.66569623
11.33099501
11.08164059
10.92681924
10.56306768
10.19376303
9.932282791
9.80207018
9.517544429
9.130239112
8.824907535
8.523381244
8.17691498
7.891686838
7.518740574
7.275689672
7.062678368
6.787564839
6.433031471
6.166599946
5.941705175
5.806503658
5.652250744
5.453952024
5.305180806
5.163877173
5.073766771
4.981499486
4.883075818
4.794987511
4.706149594
4.562785444
4.409478859
4.258178975
4.140572726
3.984938294
3.808261986
3.599550108
3.427137296
3.254881865
3.072016325
2.98867099
2.9317656
2.889292588
2.834249469
2.669430508
2.540928123
