1812.226245
1564.342802
1138.303724
880.9470801
736.6833823
644.6012271
576.1466677
525.1032316
485.5066791
452.8152232
425.1460135
401.506376
382.1305523
365.0179246
348.934467
334.9221879
322.284627
310.9168313
291.1574698
282.4602096
274.6079093
267.4892855
254.6958566
243.3987592
238.3362075
229.3484156
221.0909041
213.834368
207.215479
201.1192769
192.9493962
185.9512906
181.6833511
175.8414212
170.2322236
163.5650364
158.9701741
153.4582828
148.4332274
142.7149289
138.6086145
133.8780746
129.5300259
124.8605885
120.5856823
116.7981614
112.7897458
109.1399526
105.781316
102.3436231
98.91750232
95.78138722
92.67459966
89.86359757
86.95585111
84.0639927
81.21486258
78.70722195
76.24811774
73.90505654
71.4551123
69.20270655
67.0441068
64.92814153
62.75259126
60.4268415
58.18559516
56.06438823
54.00687485
51.95703488
50.13015466
48.40384054
46.68043082
44.98953921
43.32560985
41.93838556
40.95086993
39.96778852
39.09025402
38.27415156
37.43906989
36.5836162
35.83397977
35.16191447
34.55732961
33.97444465
33.43542932
33.18902726
32.8827115
32.51510033
32.15609225
31.76241846
31.27809576
30.54233502
29.72562516
28.85109048
27.8673998
26.75882526
25.39358195
24.144638
22.94698902
21.70329198
20.54751068
19.53741007
18.63572808
17.83852584
17.1111297
16.41931208
15.76040787
15.18230119
14.61287935
14.06409037
13.51784034
12.9129511
12.19662766
11.45911916
10.76973333
10.21127935
9.905919326
9.734543896
9.568868558
9.466863851
9.366636467
9.190857572
9.008128943
8.842777187
8.687605076
8.628163382
8.50196779
8.35939124
8.287703288
8.289881598
8.198670135
8.024050583
7.923001784
7.799424844
7.637166561
7.451050822
7.17928949
6.995395589
6.797052855
6.58401086
6.384301376
6.224775042
6.06155678
5.871551766
5.710656376
5.530555862
5.367947947
5.151462195
4.990883339
4.884583982
4.756127548
4.650740771
4.531837648
4.389568616
4.214844248
4.012308091
3.799742698
3.583161941
3.287286967
3.045573689
2.93625964
2.890266355
2.909649455
2.900496978
2.84347326
2.847802887
2.921279737
3.031451545
3.192200656
