1962.494692
1720.678781
1270.207994
995.4828956
839.4468096
737.9358693
664.1615639
607.4316825
561.5918157
523.8347833
492.7197573
465.8617181
442.4311719
422.0344335
404.3017849
387.8647645
373.6067554
360.9732864
338.789091
328.9457057
320.0355013
311.8602371
297.0156573
284.0895582
278.4112132
267.6454124
258.1916819
249.7266967
242.0183821
234.851136
225.4195116
217.0739588
212.0844435
205.1559655
198.7952445
191.1956678
185.9276779
179.711031
173.9028821
167.3763368
162.6813237
157.301596
152.3637643
147.1138804
142.356094
138.0689348
133.6059784
129.647149
125.900286
121.8837873
117.9240104
114.3852514
110.7581355
107.4424867
104.0776342
100.7498862
97.42778529
94.41357797
91.32864379
88.37592528
85.35791185
82.39165291
79.51261523
76.76961391
73.79066051
70.59976516
67.53874046
64.71927264
62.10359109
59.58620995
57.39214968
55.3511588
53.46016831
51.66868374
49.93470326
48.54033176
47.78343711
47.05442685
46.3163016
45.47836984
44.54396303
43.50841579
42.68313769
41.90658623
41.13101213
40.33784189
39.57181741
39.07639346
38.37974653
37.57573725
36.91001483
36.23816602
35.52728785
34.49506794
33.33596298
32.14625996
30.92844217
29.6987773
28.18230975
26.83410886
25.55396594
24.16642582
22.87792565
21.78592362
20.86710156
20.08418453
19.41593293
18.8882784
18.3158796
17.81858853
17.37990853
17.08537796
16.83114726
16.50100108
16.00173898
15.42658705
14.91145622
14.57649236
14.3975527
14.29825172
14.19986961
14.10713566
13.90568851
13.54214727
13.21669186
12.98784667
12.75052638
12.51175573
12.13330787
11.76942532
11.47811569
11.22259322
10.84309159
10.3672414
10.00546643
9.664820558
9.313755834
9.054592359
8.74090315
8.497631448
8.233475597
7.975007447
7.784512295
7.643290449
7.530563141
7.376758017
7.190890722
6.978355082
6.773470754
6.604866667
6.517295177
6.499956431
6.48691444
6.443074163
6.375965156
6.327645131
6.350614644
6.359298008
6.356129509
6.376693906
6.362539286
6.33457023
6.35623217
6.355976856
6.318087898
6.229585576
6.072106507
5.892154485
5.688145694
5.388224857
4.821414229
