0.04627971295
0.03272336756
0.02671824428
0.02313861763
0.02069581755
0.01889264698
0.01749124159
0.01636161333
0.01542593444
0.0146343846
0.01395339633
0.01335941738
0.01283536965
0.01236852727
0.01194918707
0.01156980404
0.01122441095
0.01090821798
0.01034854242
0.0100991916
0.009867042628
0.00965020458
0.009256240717
0.008906908488
0.008746453209
0.008449959308
0.008181718264
0.007937510753
0.007713949993
0.007508281787
0.007228478336
0.006977806738
0.006824497416
0.006612383429
0.00641890406
0.006185534076
0.00602631341
0.005831981319
0.005655326525
0.005455564674
0.005310163152
0.005143787759
0.004992145364
0.004826759104
0.004676808652
0.004540033755
0.004394703434
0.00426250973
0.004141586329
0.004015257936
0.003886107899
0.003768689266
0.003649957979
0.003541806002
0.003433297068
0.003325620591
0.003219712745
0.003123343371
0.003028685462
0.002936268209
0.002841138296
0.002754722367
0.002671332597
0.00259106728
0.002510287835
0.002433306267
0.002356940353
0.002284608765
0.002216063316
0.002146478339
0.002081013741
0.002017429011
0.001955913579
0.001896588266
0.001838086504
0.001782116854
0.001727444239
0.00167431579
0.001622904176
0.001573321096
0.001525629342
0.001479113001
0.001433964127
0.001389702868
0.001347691317
0.00130679467
0.001266701728
0.001228475935
0.00119129004
0.001154928711
0.001120204319
0.001086213531
0.001053396113
0.001021809008
0.0009910489437
0.0009614346473
0.0009326395307
0.0009047687259
0.0008777451268
0.000851784583
0.0008265377964
0.0008021027264
0.0007785455434
0.0007557246292
0.0007337100225
0.0007123963487
0.000691849247
0.0006719871655
0.0006528670728
0.0006343725419
0.0006165645283
0.0005993995057
0.0005828482249
0.0005669259755
0.0005516121052
0.000536920803
0.0005227860094
0.000509256034
0.0004963016853
0.0004839045724
0.0004720543512
0.0004607754112
0.0004500579591
0.0004398735779
0.0004302479044
0.0004211526391
0.0004126131741
0.0004046110096
0.0003971499567
0.0003902400614
0.000383870415
0.0003780535808
0.0003727848834
0.0003680700683
0.0003639118435
0.0003603116042
0.0003572720387
0.0003547950478
0.0003528847568
0.0003515410076
0.0003507653381
0.000350558732
0.0003509212343
0.000351852403
0.0003533515935
0.000355417432
0.0003580481183
0.0003612416012
0.0003649956845
0.0003693070417
0.0003741731608
0.0003795926782
0.0003855608359
0.0003920785931
0.0003991410434
0.0004067479711
0.0004148991482
0.0004235929992
0.0004328314654
0.0004426137778
0.0004529425219
0.0004638210371
0.0004752532797
0.0004872413728
0.0004997936467
0.0005129139673
0.0005266097042
0.0005408891624
0.0005557624238
0.0005712379674
0.0005873267281
