1874.929675
1198.765199
941.6860814
798.9746453
705.5945919
638.5624195
587.4934725
546.9395339
513.7374257
485.9105409
462.152763
441.5622571
423.4938407
407.4722372
393.1386303
380.2164069
368.4884519
357.781659
338.8972678
330.5104548
322.7165432
315.4488632
302.2738485
290.6220355
285.2794674
275.4223389
266.5208376
258.4299627
251.0337485
244.2381947
235.0061102
226.7475416
221.7022055
214.7283909
208.3738937
200.7174378
195.4986692
189.1343597
183.3538908
176.8227785
172.0724873
166.6405251
161.6927875
156.3000093
151.4135208
146.9587872
142.2278485
137.926681
133.9939556
129.8871894
125.690504
121.8765897
118.0215353
114.5112785
110.9906799
107.4983272
104.0645522
100.9411024
97.87413851
94.88077801
91.80064072
89.00365558
86.30558919
83.70958558
81.0980005
78.61027407
76.14359291
73.80840568
71.59664733
69.35269579
67.24303197
65.19545527
63.21613975
61.30904016
59.4303597
57.63509166
55.88373211
54.1843812
52.5427308
50.96250128
49.44583165
47.97016539
46.54188027
45.14615146
43.82616155
42.5464503
41.29776504
40.11356542
38.9685132
37.85657221
36.80300693
35.78088321
34.80409162
33.8747796
32.98171219
32.13481659
31.32544461
30.55740441
29.82941661
29.14798328
28.504734
27.90322267
27.34589582
26.83027012
26.35882921
25.93020445
25.54657324
25.20719034
24.91371068
24.66503288
24.46264451
24.30648534
24.19677195
24.13393871
24.11804863
24.14905936
24.22708745
24.35172337
24.52279286
24.74019187
25.00379828
25.31253963
25.66592147
26.06435042
26.50626564
26.99243922
27.52102663
28.09266272
28.70686441
29.36250439
30.0605114
30.7995654
31.580389
32.40252285
33.26592842
34.17095941
35.11782672
36.10708969
37.13818514
38.21233617
39.3300782
40.49176768
41.6980298
42.9497196
44.24788418
45.59332752
46.98702036
48.43006851
49.92368366
51.46880018
53.06679552
54.71941697
56.42740754
58.19317242
60.01745004
61.90222269
63.84936592
65.86036473
67.9374444
70.08212381
72.29658267
74.58305038
76.94377827
79.38054824
81.89630912
84.49300588
87.17319594
89.93952498
92.79489007
95.74179509
98.78313634
