1696.867622
1058.48422
822.1790935
693.0959639
609.5399517
550.0225012
504.9421904
469.306225
440.23673
415.9461552
395.2592908
377.3682058
361.6970673
347.8230773
335.4279623
324.2669949
314.1485287
304.9200798
288.6636448
281.4521547
274.7549127
268.5136514
257.2085173
247.2200323
242.6430877
234.2033295
226.5870167
219.6685051
213.3474358
207.5425506
199.660601
192.6138671
188.3107183
182.3650452
176.9496353
170.427468
165.9835671
160.5660617
155.6472734
150.0916898
146.0522142
141.4343752
137.2293853
132.6474517
128.4968342
124.7139002
120.6974014
117.0466537
113.7093692
110.22515
106.6654464
103.43113
100.1626278
97.18708857
94.20339811
91.24427232
88.33541016
85.68999821
83.09297273
80.55881922
77.95179557
75.58498493
73.30241076
71.10670788
68.89838423
66.79535469
64.71070103
62.7377594
60.86966983
58.97500911
57.19435753
55.4667474
53.79738951
52.18961511
50.60651913
49.09445361
47.62014861
46.19044561
44.81014682
43.48238546
42.20895638
40.9709352
39.77370289
38.60487516
37.50062126
36.43127057
35.38914746
34.40219438
33.44929542
32.52548627
31.65177489
30.805846
29.99924604
29.23375239
28.50013853
27.80658722
27.14603824
26.52163932
25.93237901
25.38351623
24.8683131
24.38965135
23.9494688
23.54579566
23.18056816
22.85271216
22.56387412
22.31346312
22.10266066
21.93064734
21.79843867
21.70595261
21.65332276
21.64076486
21.66827488
21.73567698
21.84317284
21.990208
22.17666902
22.40249715
22.66761773
22.97104331
23.31240974
23.69221745
24.10909671
24.5638999
25.05502972
25.58320984
26.14812032
26.74885527
27.38639196
28.05964657
28.76939583
29.51533385
30.29753279
31.11641368
31.97226133
32.86566881
33.79620968
34.76506401
35.77278465
36.81975761
37.90660596
39.03415479
40.2033974
41.41510371
42.67018989
43.96968999
45.31473005
46.7061833
48.14531914
49.6337375
51.17213156
52.76268948
54.40609626
56.10415565
57.85857378
59.67070354
61.54256368
63.47553529
65.47159403
67.53275956
69.6610706
71.85814197
74.12664002
76.46832547
78.88551081
81.38058779
83.9561746
86.61453447
89.35828438
