0.02322826635
0.02291999364
0.02144344985
0.01969336831
0.01821613704
0.01700297391
0.01599236645
0.01513695593
0.01440131577
0.01375782402
0.01318946862
0.01268000832
0.01222041359
0.01180419209
0.01142603393
0.01108322739
0.01077018492
0.01048310704
0.009972145052
0.009741807145
0.009525968428
0.009323543974
0.008955676882
0.008630825303
0.008481896285
0.008206549656
0.007955903907
0.007722595998
0.007503688255
0.007299863852
0.007026340397
0.0067872061
0.006643136257
0.006443657445
0.006261966904
0.006042691812
0.005890188813
0.005701677555
0.005535127625
0.005352057744
0.005220596092
0.00506758356
0.004922951286
0.004766110723
0.004625148096
0.004498613915
0.004359296601
0.004233875436
0.004118870877
0.003994790108
0.003865955992
0.003749162841
0.003627812694
0.003519904861
0.003410279782
0.003302313546
0.00319262653
0.003095226533
0.003000939523
0.002911213087
0.00281875784
0.002735847367
0.002656753733
0.002580091333
0.002505321674
0.002432591203
0.002358289838
0.002288516527
0.002221798986
0.002152136292
0.002084811656
0.002019076581
0.001955618537
0.001894029066
0.001836059628
0.001777898442
0.001718840935
0.00166208286
0.001607458365
0.001555928685
0.001507334467
0.001461582523
0.001418659236
0.001374350274
0.001330851097
0.001289049323
0.001249475946
0.00121249885
0.001178493127
0.001143103496
0.00110622153
0.001066794418
0.001028220763
0.0009911425433
0.0009569680812
0.000924691146
0.0008947983794
0.0008675659951
0.0008427864162
0.0008192626279
0.0008000713113
0.0007835033912
0.0007697803895
0.0007561638483
0.0007414104355
0.0007262950554
0.0007110517657
0.0006951157445
0.000677065136
0.0006593435061
0.0006429405644
0.0006281802261
0.0006136642123
0.0006004355182
0.0005870439281
0.0005740859501
0.0005616907085
0.0005495459697
0.0005376165122
0.0005256334197
0.0005128480889
0.0004997384436
0.0004852312643
0.0004715511555
0.0004585135043
0.0004473503412
0.000438973791
0.0004339063188
0.0004301547131
0.0004278678481
0.0004276562922
0.0004291341635
0.000429724786
0.0004294891163
0.0004291058484
0.000428873758
0.0004269941854
0.0004246796795
0.0004208030055
0.0004181522162
0.0004149194737
0.0004114931188
0.000407597148
0.0004041368392
0.0004004847169
0.0003970441102
0.0003928595953
0.0003900489709
0.0003887614271
0.0003876433704
0.0003842085013
0.0003816856692
0.0003815357719
0.0003830724214
0.0003847738348
0.0003882585909
0.0003897801377
0.0003922928222
0.0003925043022
0.0003894528761
0.0003839578453
0.0003777155184
0.0003680236486
0.0003569928787
0.0003478626052
0.0003411190688
0.0003345820843
0.0003284531447
0.0003223381776
0.0003149865645
0.0003077856406
