0.001130518024
0.002261036048
0.003391554073
0.004522072097
0.005652590121
0.006783108145
0.00791362617
0.009044144194
0.01017466222
0.01130518024
0.01243569827
0.01356621629
0.01469673431
0.01582725234
0.01695777036
0.01808828839
0.01921880641
0.02034932444
0.02261036048
0.02374087851
0.02487139653
0.02600191456
0.02826295061
0.03052398665
0.03165450468
0.03391554073
0.03617657677
0.03843761282
0.04069864887
0.04295968492
0.04635123899
0.04974279307
0.05200382911
0.05539538319
0.05878693726
0.06330900936
0.06670056343
0.07122263553
0.07574470762
0.08139729774
0.08591936984
0.09157195996
0.09722455008
0.1040076582
0.1107907664
0.1175738745
0.1254875007
0.1334011269
0.141314753
0.1503588972
0.1605335594
0.1707082217
0.1820134019
0.1933185821
0.2057542804
0.2193204967
0.234017231
0.2487139653
0.2645412177
0.281498988
0.3007177944
0.3199366009
0.3402859253
0.3617657677
0.3855066463
0.4103780428
0.4375104754
0.465773426
0.4951668946
0.5279519173
0.561867458
0.5980440348
0.6364816476
0.6771802965
0.7212704994
0.7676217384
0.8173645315
0.8704988786
0.9270247799
0.9869422351
1.050251244
1.118082326
1.190435479
1.268441223
1.349838521
1.436888409
1.530721405
1.629076473
1.734214649
1.847266452
1.965970844
2.093719381
2.229381544
2.372957333
2.526707784
2.68950238
2.863602155
3.049007111
3.246847766
3.4559936
3.679836169
3.918375472
4.171611509
4.441805317
4.728956895
5.03532728
5.360916471
5.707985504
6.07653438
6.469954653
6.888246322
7.333670423
7.808487993
8.31382955
8.85195613
9.42399825
10.03447798
10.68339533
11.37414184
12.11010908
12.89468858
13.72901089
14.61646754
15.56271112
16.56887216
17.64173377
18.78242645
19.99773333
21.29217647
22.66914742
24.13655982
25.69780521
27.36079722
29.13118845
31.01576199
33.02243149
35.15911055
37.43484334
39.85641294
42.43512456
45.18115284
48.10467245
51.21698857
54.5305369
58.05888365
61.81559505
65.81536782
70.07402921
74.60853701
79.43584897
84.57518391
90.04802166
95.87358104
102.077864
108.6823503
115.7141724
123.2015932
131.1728758
139.6608052
148.6970357
158.3177441
168.5613679
179.4686058
191.0801565
203.4446321
216.608384
230.6234159
245.5451233
261.4334236
278.3493648
296.3596475
