0.02458573545
0.02372041331
0.02198340406
0.02011367498
0.01854591596
0.01727906001
0.01622310566
0.01532931859
0.0145677713
0.01390291831
0.01331927194
0.01279705139
0.0123243804
0.01189585206
0.01150841418
0.01115661232
0.01083583993
0.01054127614
0.01001948152
0.009783515987
0.00956410989
0.009358769033
0.00898605789
0.008658318707
0.008508757337
0.008232504552
0.007982851167
0.007753658629
0.007540139901
0.007341205977
0.007067875909
0.006824331446
0.0066755397
0.0064701669
0.006285802007
0.006063846905
0.00590917257
0.00571638799
0.00554075697
0.005344256607
0.005203025408
0.005042898789
0.004894344475
0.004733657851
0.004588457666
0.004455402682
0.004310929786
0.004180450388
0.004062266774
0.003938444752
0.003812189295
0.003697493538
0.003580825915
0.003477856442
0.003373595983
0.003272143826
0.003171961449
0.003080816832
0.002991176362
0.002904693827
0.002812371071
0.002728458059
0.002649542774
0.002573442709
0.002495004339
0.002419444892
0.002342854601
0.002268123303
0.002199741754
0.002130321448
0.00206364325
0.001999420677
0.001936584115
0.001873904355
0.001811403005
0.001751726928
0.001693823754
0.001638980785
0.00158759286
0.0015376219
0.001488771379
0.001442751115
0.00139857986
0.001354805402
0.001314860833
0.001277777049
0.001242875425
0.001208626374
0.001174123851
0.00114007029
0.001107046207
0.001074668991
0.001043332952
0.001013156026
0.0009839076074
0.0009564048594
0.0009288181235
0.0009015851871
0.0008777785397
0.0008571166891
0.0008364096002
0.0008162855028
0.0007979734352
0.0007798867174
0.0007643428838
0.0007499272438
0.0007349292177
0.0007197018256
0.0007051757452
0.0006905086465
0.0006744668494
0.0006586137419
0.0006438384052
0.000628074195
0.0006119538393
0.0005936612452
0.0005749330067
0.0005581153751
0.0005408282064
0.0005225381053
0.000505420847
0.0004899198047
0.0004750216037
0.00046058968
0.0004478506441
0.0004360919617
0.0004245380822
0.0004138193717
0.0004020205891
0.0003907221085
0.0003823436093
0.0003728977275
0.0003613883532
0.0003494589905
0.0003374965205
0.0003259542696
0.000313453921
0.0003030518455
0.0002949731308
0.000289969956
0.0002849426601
0.0002778264731
0.0002702237392
0.0002633356552
0.000259280134
0.0002572154448
0.0002586125467
0.0002620880919
0.0002652329036
0.0002662893373
0.0002688083655
0.000273327393
0.0002802337502
0.0002894951807
0.0002987520877
0.0003066210913
0.0003141149838
0.0003229984874
0.0003328980685
0.0003433315757
0.0003528374107
0.0003618388632
0.0003691870385
0.0003747120371
0.0003776801719
0.0003802434579
0.0003782920193
0.0003671999967
0.0003508301354
0.0003258282058
0.0002929513261
