2357.79198
1433.834561
1099.900643
920.3498957
805.4200496
724.2339511
663.1356217
615.08406
576.0498195
543.5453589
515.9438909
492.1321778
471.3199939
452.9292036
436.5259888
421.7777327
408.4246365
396.260475
374.8654858
365.3876942
356.5929046
348.4030253
333.5830473
320.5046309
314.5165935
303.482555
293.5335387
284.5028574
276.2575705
268.6901864
258.4219715
249.2483881
243.649435
235.9169773
228.8777303
220.4042976
214.6336091
207.6015362
201.2195108
194.0142653
188.7772705
182.7924159
177.3444003
171.4098847
166.0356441
161.1387932
155.9409256
151.2175281
146.9006083
142.3945146
137.7916941
133.6103513
129.3854815
125.5398347
121.684119
117.8605525
114.102263
110.6845762
107.32954
104.0557863
100.6878666
97.63015123
94.68105723
91.84390687
88.99003489
86.27171591
83.5764909
81.02492483
78.60809219
76.1558106
73.84988183
71.61127121
69.4465882
67.36001783
65.30346311
63.33694507
61.41701505
59.55232515
57.74889712
56.01060121
54.33958369
52.7107236
51.13072392
49.58277822
48.1144769
46.68610173
45.28677476
43.95357303
42.65759275
41.39131392
40.18298417
39.0011262
37.8610017
36.76453418
35.69768001
34.67144689
33.6744655
32.7103279
31.77631135
30.87980809
30.00868674
29.16626219
28.35473613
27.56914575
26.8118128
26.07901577
25.37290779
24.69057416
24.03385183
23.398613
22.78681325
22.19680955
21.62743728
21.07905239
20.5507631
20.042869
19.55288074
19.08225562
18.62975502
18.19449487
17.77585258
17.37442622
16.98960368
16.6200778
16.26648566
15.92748666
15.60372236
15.29419075
14.99872221
14.71741782
14.44953812
14.1953264
13.95431785
13.7265282
13.51188317
13.31028274
13.12174279
12.94628995
12.78421009
12.63556456
12.5006309
12.37979005
12.27347733
12.18220806
12.10659787
12.04739366
12.0054484
11.9817346
11.97735424
11.99353932
12.03165426
12.09321989
12.17985556
12.29339495
12.43570983
12.60887394
12.81508663
13.05661856
13.33593239
13.65549893
14.017969
14.42609946
14.88274471
15.3907481
15.95328317
16.57340885
17.25442053
17.99975881
18.81307364
19.69805707
20.65868049
