0.04734930924
0.03346954357
0.02732515963
0.02366348766
0.02116507982
0.01932105454
0.01788801054
0.01673295331
0.0157762634
0.01496697765
0.01427076077
0.01366352302
0.01312779732
0.01265056843
0.01222191288
0.01183411455
0.01148107106
0.01115788421
0.01058585391
0.01033100972
0.01009375294
0.009872150035
0.009469545219
0.009112569895
0.008948610476
0.00864565315
0.008371578591
0.008122072853
0.007893673268
0.007683563971
0.00739773615
0.007141686286
0.006985097266
0.006768458692
0.006570866592
0.006332555973
0.006169978227
0.00597156534
0.005791218223
0.005587302914
0.005438894173
0.005269095903
0.005114352128
0.004945605377
0.004792629853
0.004653115533
0.004504897208
0.004370098907
0.004246813402
0.00411804015
0.003986417092
0.003866775581
0.003745823741
0.003635675172
0.00352519052
0.003415583342
0.003307808444
0.003209770447
0.003113504408
0.003019549473
0.002922873512
0.002835088742
0.002750413409
0.002668946693
0.002586997324
0.00250894104
0.002431551686
0.002358293871
0.002288913287
0.002218527166
0.002152356072
0.002088133367
0.002026050476
0.001966228888
0.00190729168
0.001850960606
0.001795992303
0.001742636323
0.001691066364
0.001641394046
0.001593681231
0.001547211747
0.001502178479
0.001458104493
0.001416345369
0.001375771485
0.001336076323
0.001298312535
0.001261661604
0.001225913394
0.001191866237
0.001158634225
0.001126648766
0.001095964311
0.001066189403
0.00103763294
0.001009980168
0.0009833332169
0.0009576191327
0.0009330427146
0.0009092732951
0.0008864047024
0.0008644987676
0.0008434239661
0.0008232453733
0.0008038667697
0.0007853481649
0.0007676161304
0.0007507213542
0.0007345611166
0.0007191891105
0.0007045674083
0.0006906714233
0.0006775140383
0.0006650777759
0.0006533732281
0.0006423474457
0.0006320376102
0.0006224198574
0.0006134796646
0.0006052091243
0.0005976238123
0.0005907145684
0.0005844615875
0.000578878837
0.0005739480588
0.0005696810795
0.0005660662541
0.0005631040286
0.0005607962691
0.0005591377898
0.0005581307655
0.0005577733173
0.0005580658047
0.0005590080317
0.000560600571
0.0005628442885
0.0005657411951
0.0005692897016
0.000573493837
0.0005783559143
0.0005838773244
0.0005900604854
0.0005969090487
0.0006044279644
0.0006126209534
0.0006214927458
0.0006310490453
0.0006412964398
0.0006522397138
0.0006638868461
0.0006762488708
0.0006893295099
0.0007031453643
0.0007177003973
0.0007330084925
0.0007490830757
0.0007659345951
0.0007835799315
0.0008020302594
0.0008213026155
0.0008414147946
0.0008623850836
0.000884227812
0.000906967999
0.0009306219001
0.0009552115131
0.000980759897
0.001007292688
0.001034832098
0.001063404184
