0.02538164134
0.02410953959
0.02230332134
0.02040092873
0.01879268634
0.01752135136
0.01645295092
0.01554211213
0.01476695377
0.01409233816
0.01351209023
0.01299797234
0.01253773774
0.01212412972
0.01174966377
0.01140763997
0.01109318526
0.01080412923
0.01028902284
0.0100470843
0.009820739819
0.009608843527
0.009223637748
0.0088814608
0.008723739737
0.008432836992
0.008169925824
0.007930015307
0.007708744381
0.0075035491
0.007226710965
0.006982944102
0.006833607569
0.006625290609
0.006436382448
0.006208997904
0.006053230726
0.005861868804
0.005687409125
0.005489147754
0.005345882117
0.005181053918
0.005030752309
0.0048666823
0.004721100256
0.004588446346
0.004446362754
0.00431673749
0.004199446993
0.004076921085
0.003953765969
0.003841149858
0.003727210445
0.003622381176
0.00351644547
0.0034098201
0.003302894828
0.003205347507
0.003107015847
0.003008304102
0.002906273995
0.002812996038
0.002722655491
0.002634843573
0.002547050655
0.002464365101
0.002383449754
0.002307052139
0.002234063342
0.00216263904
0.002097608567
0.002032156971
0.001967879956
0.001907957416
0.001849758236
0.001794741506
0.00174044624
0.001687077693
0.001636774065
0.001591514771
0.001548009727
0.001506144404
0.00146787119
0.001433795705
0.001400544387
0.001368677797
0.001338355002
0.001309530805
0.001280519841
0.001253186311
0.001225121245
0.001197231775
0.00116768241
0.001137750015
0.001106996536
0.001077239731
0.001048430124
0.001020149462
0.0009925817457
0.0009673721241
0.0009427248055
0.0009188312812
0.0008958722014
0.0008755293167
0.0008576529919
0.000840480868
0.0008245085467
0.000809716241
0.0007943724523
0.0007799762666
0.0007670572681
0.0007547799196
0.0007452700426
0.0007369722339
0.0007323729464
0.0007285289354
0.0007246118334
0.0007183539434
0.0007108174709
0.000703269941
0.0006949232316
0.0006873979913
0.0006811041754
0.0006752364421
0.0006694024835
0.0006627823921
0.000657089985
0.0006532245897
0.0006529028703
0.0006543466124
0.0006574462825
0.0006618394541
0.0006663855844
0.0006711747097
0.0006768997288
0.0006833594317
0.0006909939566
0.000698843733
0.0007067661815
0.0007128026173
0.0007165774102
0.0007172940319
0.0007155311257
0.0007118198317
0.0007045218927
0.000695458382
0.0006859738235
0.0006804877514
0.0006791260626
0.000677783847
0.0006800289528
0.0006833531086
0.0006863578161
0.0006876096128
0.0006864331117
0.0006833693889
0.0006793544611
0.0006727384582
0.0006669909473
0.0006627843706
0.0006606399367
0.0006565353766
0.0006504171844
0.0006426106969
0.000634310088
0.0006274544973
0.0006281135557
0.0006336500136
0.0006439968629
0.0006656320011
0.0006822532321
