0.0471082899
0.0333088589
0.0271961267
0.02355236361
0.02106579498
0.01923031367
0.01780379378
0.01665391872
0.01570146673
0.01489572519
0.01420252546
0.01359789346
0.01306444527
0.01258922709
0.012162362
0.01177616986
0.01142457657
0.01110270653
0.01053297955
0.01027914928
0.01004282909
0.009822094197
0.009421048346
0.009065434059
0.008902092477
0.008600263674
0.00832719425
0.008078589289
0.007851001326
0.007641626813
0.007356778679
0.007101585025
0.006945508703
0.006729564554
0.006532589492
0.006295000265
0.006132899
0.005935048718
0.005755193297
0.005551809038
0.005403768562
0.00523437094
0.005079971286
0.004911574684
0.004758891692
0.004619621468
0.004471636415
0.004337024683
0.004213886418
0.00408524082
0.003953717944
0.003834138266
0.003713217776
0.003603067816
0.003492550252
0.003382876144
0.00327499875
0.003176832725
0.00308040549
0.002986255976
0.002889337476
0.002801291483
0.002716323442
0.002634533594
0.002552213966
0.002473758574
0.00239592418
0.002322195161
0.002252318964
0.002181375956
0.002114626538
0.002049786498
0.001987048966
0.001926537205
0.001866857122
0.001809751581
0.001753960453
0.001699735714
0.001647253506
0.001596627872
0.001547923035
0.001500407807
0.00145427814
0.00140904341
0.001366095713
0.00132427514
0.001283263
0.001244147055
0.001206080887
0.00116884359
0.001133267025
0.001098425571
0.001064769584
0.001032357461
0.001000775144
0.0009703495979
0.0009407450145
0.0009120690036
0.0008842417973
0.0008574854552
0.0008314396193
0.000806204656
0.0007818484979
0.0007582242255
0.000735403756
0.0007132772245
0.0006919120957
0.0006712228884
0.0006512682544
0.0006319258563
0.0006132584832
0.0005952196491
0.0005777775164
0.0005609470784
0.0005447054073
0.000529066497
0.000513958724
0.0004994323771
0.0004854549771
0.0004720052571
0.0004590703703
0.0004466755296
0.0004348088462
0.0004234373771
0.000412588351
0.0004022285166
0.0003923855335
0.0003830370617
0.0003741863187
0.0003658444619
0.0003579976188
0.000350660719
0.000343827665
0.0003375057638
0.0003316989497
0.0003264096462
0.0003216423875
0.0003174007939
0.0003136931266
0.000310520581
0.0003078875985
0.0003057985604
0.0003042565568
0.0003032638403
0.0003028221013
0.0003029324994
0.0003035952492
0.0003048097921
0.0003065749038
0.000308888173
0.0003117469771
0.0003151489803
0.0003190892696
0.0003235662895
0.0003285742494
0.0003341103274
0.0003401716206
0.0003467541399
0.000353856535
0.0003614754405
0.0003696101815
0.000378260869
0.0003874283312
0.0003971121637
0.0004073172565
0.0004180452102
0.0004293008098
0.000441089983
0.0004534205226
0.0004662993038
0.0004797356625
